1													1	0.184977449019723
2													1	0.163621199455805
3													1	0.151750961279007
4													1	0.142294239699634
5													1	0.137614757674492
6													1	0.136806660559011
7													1	0.134912375694986
8													1	0.13879796442436
9													1	0.144471401599796
10													1	0.155927900482356
11													1	0.17007146791813
12													1	0.186603364379483
13													1	0.207762947570333
14													1E+00	2E-01
15													1E+00	3E-01
16													1E+00	5E-01
17													1E+00	2E+00
18													1	0.173611685511901
19													1	0.158056503949515
20													1	0.143837148943025
21													1	0.134772923253809
22													1	0.129192959873018
23													1	0.127037862173797
24													1	0.127709858211201
25													1	0.131570084164147
26													1	0.140232709113608
27													1	0.151835969058994
28													1	0.167778083264599
29													1	0.188270669463875
30													1	0.212680639389709
31													1E+00	2E-01
32													1E+00	3E-01
33													1E+00	4E-01
34													1E+00	1E+00
35													1	0.17583116344013
36													1	0.162686706497386
37													1	0.149064072154825
38													1	0.142129557938077
39													1	0.1383569419357
40													1	0.13920081300273
41													1	0.141917622902148
42													1	0.148658372127392
43													1	0.15901690787568
44													1	0.173858163979232
45													1	0.193597095119824
46													1	0.222091123039903
47													1E+00	3E-01
48													1E+00	3E-01
49													1E+00	5E-01
50													1E+00	2E+00
51													1	0.176769748486437
52													1	0.165699178173626
53													1	0.157401317770631
54													1	0.160604608559312
55													1	0.150351740403383
56													1	0.15537033405907
57													1	0.160242919607899
58													1	0.173822616844157
59													1	0.192647475508666
60													1	0.221065071194978
61													1	0.260037509377344
62													1E+00	3E-01
63													1E+00	4E-01
64													1E+00	9E-01
65													1	0.163710504199441
66													1	0.151199317078914
67													1	0.14668349490778
68													1	0.149213042354765
69													1	0.159330209245241
70													1	0.176195447390528
71													1	0.201157573582197
72													1	0.231364438860902
73													1	0.271296442452651
74													1E+00	3E-01
75													1E+00	4E-01
76													1E+00	7E-01
