1									6.2084E-01	1.5171E-01
2									6.5408E-01	1.4168E-01
3									6.5768E-01	1.2489E-01
4									6.8701E-01	1.1708E-01
5									7.0687E-01	1.1061E-01
6									7.0089E-01	1.0403E-01
7									7.0900E-01	1.0192E-01
8									7.0799E-01	1.0282E-01
9									7.0638E-01	1.0868E-01
10									6.9637E-01	1.1772E-01
11									6.7080E-01	1.2245E-01
12									6.5207E-01	1.3244E-01
13									6.3550E-01	1.5428E-01
14									5.5967E-01	1.5882E-01
15									6.2049E-01	2.4483E-01
16									4.1413E-01	2.6725E-01
17									8.2231E-01	1.0311E+00
18									6.2763E-01	1.5577E-01
19									6.4411E-01	1.4177E-01
20									6.6547E-01	1.2859E-01
21									6.7525E-01	1.1762E-01
22									6.9256E-01	1.1196E-01
23									7.0767E-01	1.0939E-01
24									7.0399E-01	1.0725E-01
25									6.9850E-01	1.0797E-01
26									6.9447E-01	1.1374E-01
27									6.8161E-01	1.2189E-01
28									6.6170E-01	1.3133E-01
29									6.5269E-01	1.4937E-01
30									6.0627E-01	1.5819E-01
31									5.7628E-01	1.8220E-01
32									5.2741E-01	2.4607E-01
33									4.6400E-01	3.4431E-01
34									9.7496E-01	9.7639E-01
35									5.8826E-01	1.5328E-01
36									5.7824E-01	1.3402E-01
37									6.3421E-01	1.3021E-01
38									6.2322E-01	1.1709E-01
39									6.5011E-01	1.1600E-01
40									6.3617E-01	1.1234E-01
41									6.4113E-01	1.1561E-01
42									6.3145E-01	1.1903E-01
43									6.1841E-01	1.2378E-01
44									5.9504E-01	1.3233E-01
45									5.6546E-01	1.4587E-01
46									5.1688E-01	1.6433E-01
47									4.5913E-01	1.9137E-01
48									3.9145E-01	2.6295E-01
49									2.2539E-01	3.5754E-01
50									1.1158E-01	1.2077E+00
51									6.3962E-01	1.6732E-01
52									5.9115E-01	1.3880E-01
53									5.8324E-01	1.2477E-01
54									6.5537E-01	1.3307E-01
55									6.5666E-01	1.3123E-01
56									6.2747E-01	1.2740E-01
57									6.1934E-01	1.3122E-01
58									6.1352E-01	1.4259E-01
59									5.7389E-01	1.5571E-01
60									5.2119E-01	1.7113E-01
61									4.8579E-01	2.0405E-01
62									3.9122E-01	2.2835E-01
63									2.9496E-01	2.8762E-01
64									1.7209E-01	5.5930E-01
65									6.3839E-01	1.5735E-01
66									6.4332E-01	1.4253E-01
67									6.5641E-01	1.3792E-01
68									6.4502E-01	1.3738E-01
69									6.3144E-01	1.4580E-01
70									6.0711E-01	1.5926E-01
71									5.7782E-01	1.7848E-01
72									5.2738E-01	1.9841E-01
73									4.7205E-01	2.3121E-01
74									3.7749E-01	2.8003E-01
75									2.3472E-01	4.1677E-01
76									1.8076E-01	6.6436E-01
