1											1.0571E+00	1.7347E-01
2											1.0789E+00	1.6776E-01
3											1.0500E+00	1.5193E-01
4											1.0691E+00	1.4527E-01
5											1.0812E+00	1.4095E-01
6											1.0628E+00	1.3643E-01
7											1.0734E+00	1.3822E-01
8											1.0809E+00	1.4205E-01
9											1.0988E+00	1.5091E-01
10											1.1153E+00	1.6467E-01
11											1.1189E+00	1.7731E-01
12											1.1404E+00	1.9417E-01
13											1.1802E+00	2.2819E-01
14											1.1400E+00	2.5203E-01
15											1.3868E+00	3.9798E-01
16											1.1051E+00	5.1199E-01
17											2.0636E+00	2.2747E+00
18											1.0732E+00	1.7696E-01
19											1.0673E+00	1.6591E-01
20											1.0681E+00	1.5528E-01
21											1.0582E+00	1.4578E-01
22											1.0694E+00	1.4261E-01
23											1.0856E+00	1.4297E-01
24											1.0826E+00	1.4371E-01
25											1.0867E+00	1.4755E-01
26											1.1038E+00	1.5613E-01
27											1.1175E+00	1.6878E-01
28											1.1347E+00	1.8631E-01
29											1.1814E+00	2.1385E-01
30											1.1838E+00	2.3965E-01
31											1.2421E+00	2.9047E-01
32											1.3268E+00	4.1482E-01
33											1.4819E+00	7.6768E-01
34											2.3531E+00	1.5661E+00
35											1.0139E+00	1.7285E-01
36											9.6945E-01	1.5592E-01
37											1.0349E+00	1.5595E-01
38											9.9864E-01	1.4384E-01
39											1.0332E+00	1.4641E-01
40											1.0147E+00	1.4501E-01
41											1.0358E+00	1.5114E-01
42											1.0411E+00	1.5728E-01
43											1.0518E+00	1.6826E-01
44											1.0597E+00	1.8460E-01
45											1.0747E+00	2.0648E-01
46											1.0860E+00	2.3650E-01
47											1.1114E+00	2.8500E-01
48											1.1900E+00	4.0111E-01
49											1.2248E+00	6.3422E-01
50											1.8924E+00	1.8579E+00
51											1.1035E+00	1.9135E-01
52											9.9877E-01	1.6491E-01
53											9.6948E-01	1.5357E-01
54											1.0812E+00	1.6720E-01
55											1.0854E+00	1.6779E-01
56											1.0506E+00	1.6636E-01
57											1.0640E+00	1.7649E-01
58											1.1014E+00	1.9639E-01
59											1.1046E+00	2.1681E-01
60											1.1020E+00	2.4235E-01
61											1.1605E+00	2.9067E-01
62											1.1298E+00	3.3825E-01
63											1.1854E+00	4.3588E-01
64											1.5008E+00	8.0726E-01
65											1.0893E+00	1.8516E-01
66											1.0767E+00	1.7629E-01
67											1.0899E+00	1.7617E-01
68											1.0850E+00	1.7903E-01
69											1.1044E+00	1.9342E-01
70											1.1313E+00	2.1579E-01
71											1.1725E+00	2.4716E-01
72											1.1928E+00	2.8041E-01
73											1.2520E+00	3.3637E-01
74											1.3252E+00	4.2275E-01
75											1.5011E+00	5.7390E-01
76											1.5325E+00	7.9917E-01
